FILES {"pdfPath":"c:\\Users\\brise\\Downloads\\Tarjetas de Procesos Pasaje Álamos.pdf","deptosPath":"c:\\Users\\brise\\OneDrive\\Obsoletos\\archivos\\Escritorio9nov19\\Escritorio2\\Escritorio\\deptos.xlsx","oficinasPath":"c:\\Users\\brise\\OneDrive\\Obsoletos\\archivos\\Escritorio9nov19\\Escritorio2\\Escritorio\\Simulador oficinas 1may26.xlsx"}

========== DEPTOS ==========

--- Sheet: Lista ---
  2 ["Lista de Precios Pasaje Álamos - Deptos.","Descuento","Descuento","Descuento"]
  3 [0.159,0.08571909446156978,0.001764474627028334]
  4 ["Unidad","Unidad","Nivel","Status","Modelo","Vista 1","Vista 2","m2 internos","m2 externos","bodega*","M2 totales","Recámaras","Cajones","Bodega","Precio Lista","Contado","MSI","20-20-60"]
  5 ["depto.-1-1",101,1,1,"Roncopollo","Centro",116.2256,34.04,4.5,150.2656,2,2,1,9081302.731901368,7637375.597529051,8302861.685191403,9065279.003650565]
  6 ["depto.-1-2",102,1,"6A","Roncopollo",105.9994,15.89,4.5,121.8894,3,2,1,7195230,6051188.43,6578461.39995728,7182534.199229367]
  7 ["depto.-1-3",103,1,8,"Roncopollo",89.7519,7.545,4.5,97.29690000000001,2,2,1,6344128.836035157,5335412.351105567,5800315.85706269,6332934.781673374]
  8 ["depto.-1-4",104,1,9,"Roncopollo",94.3138,11.025,4.5,105.3388,2,2,1,7129783.606525864,5996148.013088252,6518625.012067522,7117203.284255947]
  9 ["depto.-1-5",105,1,"VENDIDO",10,"Roncopollo",126.8544,15.12,4.5,141.9744,3,3,1,8430138.55810547,7089746.527366701,7707514.714719106,8415263.79251736]
 10 ["depto.-1-6",106,1,1,"Oficinas","Roncopollo",116.2256,7.38,4.5,123.6056,2,2,1,7543916.836343262,6344434.059364684,6897259.116438528,7530605.786497123]
 11 ["depto.-1-7",107,1,"VENDIDO",1,"Oficinas","Álamos",116.6356,88.86,4.5,205.4956,2,2,1,9635476.717509521,8103435.919425507,8809532.378579067,9618475.163322153]
 12 ["depto.-1-8",108,1,4,"Álamos",65.86,17.03,4.5,82.89,1,1,1,5500617.920714676,4626019.671321043,5029109.933571932,5490912.219960598]
 13 ["depto.-1-9",109,1,4,"Álamos",65.1175,17.54,4.5,82.6575,1,1,1,5500617.920714676,4626019.671321043,5029109.933571932,5490912.219960598]
 14 ["depto.-1-10",110,1,"5A","Álamos",84.3094,39.153099999999995,4.5,123.46249999999999,2,2,1,7552721.401234314,6351838.698438058,6905308.96199999,7539394.815956822]
 15 ["depto.-1-11",111,1,"5A","Álamos",84.3094,37.9706,4.5,122.28,2,2,1,7508051.074475422,6314270.95363383,6864467.735200172,7494803.308856077]
 16 ["depto.-1-12",112,1,"VENDIDO",4,"Álamos",65.1175,17.5413,4.5,82.65880000000001,1,1,1,5500617.920714676,4626019.671321043,5029109.933571932,5490912.219960598]
 17 ["depto.-1-13",113,1,4,"Álamos",65.86,17.0325,4.5,82.8925,1,1,1,5500617.920714676,4626019.671321043,5029109.933571932,5490912.219960598]
 18 ["depto.-1-14",114,1,2,"Álamos","Centro",214.99869999999999,143.9925,4.5,358.9912,3,3,1,17719132.667581894,14901790.573436372,16200264.660672354,17687867.707576998]
 19 ["depto.-2-1",201,2,"VENDIDO",1,"Roncopollo","Centro",116.2256,7.38,4.5,123.6056,2,2,1,8250041.753489136,6938285.114684363,7542855.645109906,8235484.76414318]
 20 ["depto.-2-2",202,2,"6A","Roncopollo",105.9994,15.89,4.5,121.8894,3,2,1,7262206.875,6107515.9818750005,6639697.077882414,7249392.895232832]
 21 ["depto.-2-3",203,2,8,"Roncopollo",89.7519,7.545,4.5,97.29690000000001,2,2,1,6401891.905664063,5383991.092663477,5853127.528669686,6390595.929831541]
 22 ["depto.-2-4",204,2,9,"Roncopollo",94.3138,11.025,4.5,105.3388,2,2,1,7194364.979773382,6050460.9479894135,6577670.528481178,7181670.705308991]
 23 ["depto.-2-5",205,2,10,"Roncopollo",126.8544,15.12,4.5,141.9744,3,2,1,8506429.404785158,7153907.129424318,7777265.979105704,8491420.025933808]
 24 ["depto.-2-6",206,2,"VENDIDO",1,"Oficinas","Roncopollo",116.2256,7.38,4.5,123.6056,2,2,1,7614305.870805588,6403631.2373474995,6961614.4666067185,7600870.621294118]
 25 ["depto.-2-7",207,2,1,"Oficinas","Álamos",116.6356,6.97,4.5,123.6056,2,2,1,7688046.764051834,6465647.328567592,7029034.35725911,7674481.400605258]
 26 ["depto.-2-8",208,2,4,"Álamos",65.86,6.21,4.5,72.07,1,1,1,5099925.5488222325,4289037.386559498,4662764.5489557665,5090926.859591602]
 27 ["depto.-2-9",209,2,4,"Álamos",65.1175,6.21,4.5,71.3275,1,1,1,5099925.5488222325,4289037.386559498,4662764.5489557665,5090926.859591602]
 28 ["depto.-2-10",210,2,"VENDIDO","5A","Álamos",84.3094,22.1531,4.5,106.46249999999999,2,2,1,7039585.340003957,5920291.270943328,6436158.459273876,7027164.17028672]
 29 ["depto.-2-11",211,2,"5A","Álamos",84.3094,22.0706,4.5,106.38,2,2,1,6970861.760374891,5862494.740475283,6373325.802658771,6958561.851670187]
 30 ["depto.-2-12",212,2,4,"Álamos",65.1175,6.21,4.5,71.3275,1,1,1,5099925.5488222325,4289037.386559498,4662764.5489557665,5090926.859591602]
 31 ["depto.-2-13",213,2,4,"Álamos",65.86,6.21,4.5,72.07,1,1,1,5099925.5488222325,4289037.386559498,4662764.5489557665,5090926.859591602]
 32 ["depto.-3-1",301,3,"VENDIDO",1,"Roncopollo","Centro",116.2256,7.38,4.5,123.6056,2,2,1,8320430.787951462,6997482.292667179,7607210.995278097,8305749.598940176]
 33 ["depto.-3-2",302,3,"6A","Roncopollo",105.9994,15.89,4.5,121.8894,3,2,1,7328120.625,6162949.445625,6699960.7609198475,7315190.342093385]
 34 ["depto.-3-3",303,3,8,"Roncopollo",89.7519,7.545,4.5,97.29690000000001,2,2,1,6459654.975292969,5432569.834221386,5905939.200276681,6448257.077989707]
 35 ["depto.-3-4",304,3,"VENDIDO",9,"Roncopollo",94.3138,11.025,4.5,105.3388,2,2,1,7258946.353020898,6104773.882890576,6636716.044894832,7246138.126362033]
 36 ["depto.-3-5",305,3,10,"Roncopollo",126.8544,15.12,4.5,141.9744,3,2,1,8582720.251464846,7218067.731481935,7847017.2434923025,8567576.259350253]
 37 ["depto.-3-6",306,3,1,"Roncopollo","Oficinas",116.2256,7.38,4.5,123.6056,2,2,1,7976488.174122039,6708226.554436635,7292750.830852878,7962413.86312601]
 38 ["depto.-3-7",307,3,1,"Álamos","Oficinas",116.6356,6.97,4.5,123.6056,2,2,1,7759553.084775467,6525784.144296168,7094411.220922034,7745861.5502403015]
 39 ["depto.-3-8",308,3,"3B","Álamos",124.2688,19.9125,4.5,144.1813,3,2,1,8368887.906914062,7038234.729714726,7651514.413883006,8354121.216545868]
 40 ["depto.-3-9",309,3,"VENDIDO","5A","Álamos",84.3094,22.1531,4.5,106.46249999999999,2,2,1,7043021.518985411,5923181.0974667305,6439300.092104632,7030594.286217547]
 41 ["depto.-3-10",310,3,"5A","Álamos",84.3094,22.0706,4.5,106.38,2,2,1,7099145.775682481,5970381.597348967,6490613.4283403,7086619.513087714]
 42 ["depto.-3-11",311,3,4,"Álamos",65.1175,6.21,4.5,71.3275,1,1,1,5276354.651161376,4437414.261626718,4824070.308405731,5267044.657256199]
 43 ["depto.-3-12",312,3,4,"Álamos",65.86,6.21,4.5,72.07,1,1,1,5276354.651161376,4437414.261626718,4824070.308405731,5267044.657256199]
 44 ["depto.-3-13",313,3,"VENDIDO",1,"Álamos","Centro",116.6356,6.97,4.5,123.6056,2,2,1,8395288.967459016,7060438.021633032,7675652.399425222,8380475.693089363]
 45 ["depto.-4-1",401,4,"VENDIDO",1,"Roncopollo","Centro",116.2256,7.38,4.5,123.6056,2,2,1,8818292.965251852,7416184.383776807,8062396.877573632,8802733.311060963]
 46 ["depto.-4-2",402,4,"6A","Roncopollo",105.9994,15.89,4.5,121.8894,3,2,1,7394034.375,6218382.909375,6760224.443957281,7380987.788953938]
 47 ["depto.-4-3",403,4,8,"Roncopollo",89.7519,7.545,4.5,97.29690000000001,2,2,1,6517418.044921875,5481148.575779296,5958750.871883677,6505918.226147873]
 48 ["depto.-4-4",404,4,"VENDIDO",9,"Roncopollo",94.3138,11.025,4.5,105.3388,2,2,1,7323527.726268415,6159086.817791738,6695761.561308487,7310605.547415076]
 49 ["depto.-4-5",405,4,"VENDIDO",10,"Roncopollo",126.8544,15.12,4.5,141.9744,3,3,1,8659011.098144533,7282228.333539552,7916768.5078789005,8643732.4927667]
 50 ["depto.-4-6",406,4,1,"Roncopollo","Oficinas",116.2256,7.38,4.5,123.6056,2,2,1,7755083.93973024,6522025.5933131315,7090325.166943101,7741400.290888111]
 51 ["depto.-4-7",407,4,1,"Álamos","Oficinas",116.6356,6.97,4.5,123.6056,2,2,1,7829942.119237794,6584981.322278984,7158766.571090225,7816126.385037298]
 52 ["depto.-4-8",408,4,"3B","Álamos",124.2688,19.9125,4.5,144.1813,3,2,1,8404199.670234375,7067931.922667109,7683799.284827661,8389370.673155766]
 53 ["depto.-4-9",409,4,"VENDIDO","5A","Álamos",84.3094,22.1531,4.5,106.46249999999999,2,2,1,7108308.9196330225,5978087.801411372,6498991.11588898,7095766.488903251]
 54 ["depto.-4-10",410,4,"VENDIDO","5A","Álamos",84.3094,22.0706,4.5,106.38,2,2,1,7080819.487781397,5954969.189224155,6473858.0532429395,7068325.561456639]
 55 ["depto.-4-11",411,4,"VENDIDO","3A","Álamos",125.0675,19.1138,4.5,144.1813,2,2,1,7671480.581337891,6451715.168905166,7013888.21272609,7657944.448500379]
 56 ["depto.-4-12",412,4,2,"Álamos","Centro",214.9988,28.1325,4.5,243.13129999999998,3,3,1,15473330.09048432,13013070.606097313,14146970.246823044,15446027.792144025]
 57 ["depto.-5-1",501,5,"VENDIDO",1,"Roncopollo","Centro",116.2256,7.38,4.5,123.6056,2,2,1,8461208.856876114,7115876.648632812,7735921.6956144795,8446279.268534169]
 58 ["depto.-5-2",502,5,"6B","Roncopollo",105.9994,15.89,4.5,121.8894,2,2,1,8877000.695351047,7465557.584790231,8116072.23421083,8861337.452859988]
 59 ["depto.-5-3",503,5,"VENDIDO",7,"Roncopollo",179.7106,22.925,4.5,202.6356,3,3,1,13214927.926982619,11113754.386592383,12082156.27170676,13191610.52195745]
 60 ["depto.-5-4",504,5,10,"Roncopollo",126.8544,15.12,4.5,141.9744,3,3,1,8735301.94482422,7346388.935597169,7986519.772265499,8719888.726183146]
 61 ["depto.-5-5",505,5,"VENDIDO",1,"Álamos","Oficinas",116.2256,7.38,4.5,123.6056,2,2,1,7826590.260453873,6582162.409041707,7155702.030606026,7812780.440523155]
 62 ["depto.-5-6",506,5,1,"Álamos","Oficinas",116.6356,6.97,4.5,123.6056,2,2,1,7900331.153700119,6644178.5002618,7223121.921258416,7886391.219834293]
 63 ["depto.-5-7",507,5,"3B","Álamos",124.2688,19.9125,4.5,144.1813,3,2,1,8725316.017928466,7337990.77107784,7977389.829980608,8709920.419202028]
 64 ["depto.-5-8",508,5,"5B","Álamos",175.86,36.9825,4.5,212.84250000000003,3,3,1,12874428.85515595,10827394.667186154,11770844.471982079,12851712.252103547]
 65 ["depto.-5-9",509,5,"VENDIDO","3A","Álamos",125.0675,19.1138,4.5,144.1813,2,2,1,8518962.90102539,7164447.799762353,7788725.115397787,8503931.407137936]
 66 ["depto.-6-1",601,6,"VENDIDO",1,"Roncopollo","Centro",116.2256,7.38,4.5,123.6056,2,2,1,8532715.177599747,7176013.464361387,7801298.559277404,8517659.418169212]
 67 ["depto.-6-2",602,6,"VENDIDO","6B","Roncopollo",105.9994,15.89,4.5,121.8894,2,2,1,8955435.075158907,7531520.8982086405,8187783.290006906,8939633.437194789]
 68 ["depto.-6-3",603,6,"VENDIDO",8,"Roncopollo",89.7519,7.545,4.5,97.29690000000001,2,2,1,6632944.184179688,5578306.058895118,6064374.2150976695,6621240.522464207]
 69 ["depto.-6-4",604,6,9,"Roncopollo",94.3138,11.025,4.5,105.3388,2,2,1,7453864.679549767,6268700.195501354,6814926.148979682,7440712.524449399]
 70 ["depto.-6-5",605,6,10,"Roncopollo",126.8544,15.12,4.5,141.9744,3,3,1,8812682.660742188,7411466.11768418,8057267.48328619,8797132.905791257]
 71 ["depto.-6-6",606,6,1,"Roncopollo","Oficinas",116.2256,7.38,4.5,123.6056,2,2,1,7896979.294916199,6641359.587024523,7220057.380774217,7883045.275320151]
 72 ["depto.-6-7",607,6,1,"Álamos","Oficinas",116.6356,6.97,4.5,123.6056,2,2,1,7970720.188162445,6703375.678244617,7287477.271426607,7956656.05463129]
 73 ["depto.-6-8",608,6,"VENDIDO","3B","Álamos",124.2688,19.9125,4.5,144.1813,3,2,1,9046432.365622558,7608049.619488571,8270980.375133555,9030470.16524829]
 74 ["depto.-6-9",609,6,"5B","Álamos",175.86,36.9825,4.5,212.84250000000003,3,3,1,12932684.189342177,10876387.403236771,11824106.211674305,12909864.796230711]
 75 ["depto.-6-10",610,6,"3A","Álamos",125.0675,19.1138,4.5,144.1813,2,2,1,9003396.154075928,7571856.165577855,8231633.18866976,8987509.890004976]
 76 ["depto.-6-11",611,6,"VENDIDO",2,"Álamos","Centro",214.99869999999999,28.1325,4.5,243.13119999999998,3,3,1,15518507.696587926,13051064.972830445,14188275.269441508,15491125.683507953]
 77 ["depto.-7-1",701,7,"VENDIDO",1,"Roncopollo","Centro",116.2256,7.38,4.5,123.6056,2,2,1,9026555.705097336,7591333.34798686,8252807.523949476,9010628.576586233]
 78 ["depto.-7-2",702,7,"VENDIDO","6B","Roncopollo",105.9994,15.89,4.5,121.8894,2,2,1,9505740.804456003,7994328.016547498,8690917.310511641,9488968.165995432]
 79 ["depto.-7-3",703,7,"VENDIDO",7,"Roncopollo",179.7106,22.925,4.5,202.6356,3,3,1,14133369.213119835,11886163.508233782,12921869.602480173,14108431.241748862]
 80 ["depto.-7-4",704,7,10,"Roncopollo",126.8544,15.12,4.5,141.9744,3,3,1,9347808.456738282,7861506.912116895,8546522.780626472,9331314.485898046]
 81 ["depto.-7-5",705,7,1,"Oficinas","Roncopollo",116.2256,7.38,4.5,123.6056,2,2,1,8390819.82241379,7056679.470649997,7671566.3454462895,8376014.433737174]
 82 ["depto.-7-6",706,7,1,"Oficinas","Álamos",116.6356,6.97,4.5,123.6056,2,2,1,8465678.001921343,7119635.199615849,7740007.749593413,8450740.52788636]
 83 ["depto.-7-7",707,7,"3B","Álamos",124.2688,19.9125,4.5,144.1813,3,2,1,9496546.998696167,7986596.025903476,8682511.589456193,9479790.582472585]
 84 ["depto.-7-8",708,7,"5B","Álamos",175.86,36.9825,4.5,212.84250000000003,3,3,1,13767281.0178877,11578283.336043555,12587162.155836407,13742988.999848468]
 85 ["depto.-7-9",709,7,"3A","Álamos",125.0675,19.1138,4.5,144.1813,2,2,1,9451358.976572204,7948592.899297224,8641197.043669205,9434682.293467106]
 86 [0,0]
... 800 more rows

--- Sheet: Hoja2 ---
  1 ["2025-07-01T06:00:36.000Z"]
  2 ["2025-08-01T06:00:36.000Z"]
  3 ["2025-09-01T06:00:36.000Z"]
  4 ["2025-10-01T06:00:36.000Z"]
  5 ["2025-11-01T06:00:36.000Z"]
  6 ["2025-12-01T06:00:36.000Z"]
  7 ["2026-01-01T06:00:36.000Z"]
  8 ["2026-02-01T06:00:36.000Z"]
  9 ["2026-03-01T06:00:36.000Z"]
 10 ["2026-04-01T06:00:36.000Z"]
 11 ["2026-05-01T06:00:36.000Z"]
 12 ["2026-06-01T06:00:36.000Z"]
 13 ["2026-07-01T06:00:36.000Z"]
 14 ["2026-08-01T06:00:36.000Z"]
 15 ["2026-09-01T06:00:36.000Z"]
 16 ["2026-10-01T06:00:36.000Z"]
 17 ["2026-11-01T06:00:36.000Z"]
 18 ["2026-12-01T06:00:36.000Z"]
 19 ["2027-01-01T06:00:36.000Z"]
 20 ["2027-02-01T06:00:36.000Z"]
 21 ["2027-03-01T06:00:36.000Z"]
 22 ["2027-04-01T06:00:36.000Z"]
 23 ["2027-05-01T06:00:36.000Z"]
 24 ["2027-06-01T06:00:36.000Z"]
 25 ["2027-07-01T06:00:36.000Z"]
 26 ["2027-08-01T06:00:36.000Z"]
 27 ["2027-09-01T06:00:36.000Z"]
 28 ["2027-10-01T06:00:36.000Z"]
 29 ["2027-11-01T06:00:36.000Z"]
 30 ["2027-12-01T06:00:36.000Z"]
 31 ["2028-01-01T06:00:36.000Z"]
 32 ["2028-02-01T06:00:36.000Z"]
 33 ["2028-03-01T06:00:36.000Z"]
 34 ["2028-04-01T06:00:36.000Z"]
 35 ["2028-05-01T06:00:36.000Z"]
 36 ["2028-06-01T06:00:36.000Z"]
 37 ["2028-07-01T06:00:36.000Z"]
 38 ["2028-08-01T06:00:36.000Z"]
 39 ["2028-09-01T06:00:36.000Z"]
 40 ["2028-10-01T06:00:36.000Z"]
 41 ["2028-11-01T06:00:36.000Z"]
 42 ["2028-12-01T06:00:36.000Z"]

--- Sheet: Hoja1 ---
  5 ["2024-05-01T06:00:36.000Z",55]
  6 ["2024-06-01T06:00:36.000Z",54]
  7 ["2024-07-01T06:00:36.000Z",53]
  8 ["2024-08-01T06:00:36.000Z",52]
  9 ["2024-09-01T06:00:36.000Z",51]
 10 ["2024-10-01T06:00:36.000Z",50]
 11 ["2024-11-01T06:00:36.000Z",49]
 12 ["2024-12-01T06:00:36.000Z",48]
 13 ["2025-01-01T06:00:36.000Z",47]
 14 ["2025-02-01T06:00:36.000Z",46]
 15 ["2025-03-01T06:00:36.000Z",45]
 16 ["2025-04-01T06:00:36.000Z",44]
 17 ["2025-05-01T06:00:36.000Z",43]
 18 ["2025-06-01T06:00:36.000Z",42]
 19 ["2025-07-01T06:00:36.000Z",41]
 20 ["2025-08-01T06:00:36.000Z",40]
 21 ["2025-09-01T06:00:36.000Z",39]
 22 ["2025-10-01T06:00:36.000Z",38]
 23 ["2025-11-01T06:00:36.000Z",37]
 24 ["2025-12-01T06:00:36.000Z",36]
 25 ["2026-01-01T06:00:36.000Z",35]
 26 ["2026-02-01T06:00:36.000Z",34]
 27 ["2026-03-01T06:00:36.000Z",33]
 28 ["2026-04-01T06:00:36.000Z",32]
 29 ["2026-05-01T06:00:36.000Z",31]
 30 ["2026-06-01T06:00:36.000Z",30]
 31 ["2026-07-01T06:00:36.000Z",29]
 32 ["2026-08-01T06:00:36.000Z",28]
 33 ["2026-09-01T06:00:36.000Z",27]
 34 ["2026-10-01T06:00:36.000Z",26]
 35 ["2026-11-01T06:00:36.000Z",25]
 36 ["2026-12-01T06:00:36.000Z",24]
 37 ["2027-01-01T06:00:36.000Z",23]
 38 ["2027-02-01T06:00:36.000Z",22]
 39 ["2027-03-01T06:00:36.000Z",21]
 40 ["2027-04-01T06:00:36.000Z",20]
 41 ["2027-05-01T06:00:36.000Z",19]
 42 ["2027-06-01T06:00:36.000Z",18]
 43 ["2027-07-01T06:00:36.000Z",17]
 44 ["2027-08-01T06:00:36.000Z",16]
 45 ["2027-09-01T06:00:36.000Z",15]
 46 ["2027-10-01T06:00:36.000Z",14]
 47 ["2027-11-01T06:00:36.000Z",13]
 48 ["2027-12-01T06:00:36.000Z",12]
 49 ["2028-01-01T06:00:36.000Z",11]
 50 ["2028-02-01T06:00:36.000Z",10]
 51 ["2028-03-01T06:00:36.000Z",9]
 52 ["2028-04-01T06:00:36.000Z",8]
 53 ["2028-05-01T06:00:36.000Z",7]
 54 ["2028-06-01T06:00:36.000Z",6]
 55 ["2028-07-01T06:00:36.000Z",5]
 56 ["2028-08-01T06:00:36.000Z",4]
 57 ["2028-09-01T06:00:36.000Z",3]
 58 ["2028-10-01T06:00:36.000Z",2]
 59 ["2028-11-01T06:00:36.000Z",1]
 60 ["2028-12-01T06:00:36.000Z",0]
... 795 more rows

--- Sheet: Cálculos ---
  1 ["Interés anual",0.09]
  2 ["interés mensual",0.0075]
  3 ["Depto."]
  4 ["Precio de Lista"]
  5 ["Descuento Contado"]
  6 ["Enganche",0.3,"Enganche",0.3]
  7 ["Meses",0.7,"Meses",0.3]
  8 [37,"Finiquito",0,37,"Finiquito",0.4]
  9 ["Especial","MSI","30-30-40"]
 10 ["Saldo Inicial","Pago","Saldo","Interés","Saldo Final","Saldo Inicial","Pago","Saldo","Interés","Saldo Final","Saldo Inicial","Pago","Saldo","Interés","Saldo Final"]
 11 ["2024-04-01T06:00:36.000Z",2000000,"2024-04-01T06:00:36.000Z","2024-04-01T06:00:36.000Z"]
 12 ["2024-05-01T06:00:36.000Z",0,"2024-05-01T06:00:36.000Z","2024-05-01T06:00:36.000Z"]
 13 ["2024-06-01T06:00:36.000Z",0,"2024-06-01T06:00:36.000Z","2024-06-01T06:00:36.000Z"]
 14 ["2024-07-01T06:00:36.000Z",0,"2024-07-01T06:00:36.000Z","2024-07-01T06:00:36.000Z"]
 15 ["2024-08-01T06:00:36.000Z",4000000,"2024-08-01T06:00:36.000Z","2024-08-01T06:00:36.000Z"]
 16 ["2024-09-01T06:00:36.000Z",0,"2024-09-01T06:00:36.000Z","2024-09-01T06:00:36.000Z"]
 17 ["2024-10-01T06:00:36.000Z",0,"2024-10-01T06:00:36.000Z","2024-10-01T06:00:36.000Z"]
 18 ["2024-11-01T06:00:36.000Z",0,"2024-11-01T06:00:36.000Z","2024-11-01T06:00:36.000Z"]
 19 ["2024-12-01T06:00:36.000Z",0,"2024-12-01T06:00:36.000Z","2024-12-01T06:00:36.000Z"]
 20 ["2025-01-01T06:00:36.000Z",0,"2025-01-01T06:00:36.000Z","2025-01-01T06:00:36.000Z"]
 21 ["2025-02-01T06:00:36.000Z",0,"2025-02-01T06:00:36.000Z","2025-02-01T06:00:36.000Z"]
 22 ["2025-03-01T06:00:36.000Z",0,"2025-03-01T06:00:36.000Z","2025-03-01T06:00:36.000Z"]
 23 ["2025-04-01T06:00:36.000Z",0,"2025-04-01T06:00:36.000Z","2025-04-01T06:00:36.000Z"]
 24 ["2025-05-01T06:00:36.000Z",0,"2025-05-01T06:00:36.000Z","2025-05-01T06:00:36.000Z"]
 25 ["2025-06-01T06:00:36.000Z",0,"2025-06-01T06:00:36.000Z","2025-06-01T06:00:36.000Z"]
 26 ["2025-07-01T06:00:36.000Z",0,"2025-07-01T06:00:36.000Z","2025-07-01T06:00:36.000Z"]
 27 ["2025-08-01T06:00:36.000Z",0,"2025-08-01T06:00:36.000Z","2025-08-01T06:00:36.000Z"]
 28 ["2025-09-01T06:00:36.000Z",0,"2025-09-01T06:00:36.000Z","2025-09-01T06:00:36.000Z"]
 29 ["2025-10-01T06:00:36.000Z",0,"2025-10-01T06:00:36.000Z","2025-10-01T06:00:36.000Z"]
 30 ["2025-11-01T06:00:36.000Z",0,"2025-11-01T06:00:36.000Z","2025-11-01T06:00:36.000Z"]
 31 ["2025-12-01T06:00:36.000Z",0,"2025-12-01T06:00:36.000Z","2025-12-01T06:00:36.000Z"]
 32 ["2026-01-01T06:00:36.000Z",0,"2026-01-01T06:00:36.000Z","2026-01-01T06:00:36.000Z"]
 33 ["2026-02-01T06:00:36.000Z",0,"2026-02-01T06:00:36.000Z","2026-02-01T06:00:36.000Z"]
 34 ["2026-03-01T06:00:36.000Z",0,"2026-03-01T06:00:36.000Z","2026-03-01T06:00:36.000Z"]
 35 ["2026-04-01T06:00:36.000Z",0,"2026-04-01T06:00:36.000Z","2026-04-01T06:00:36.000Z"]
 36 ["2026-05-01T06:00:36.000Z",0,"2026-05-01T06:00:36.000Z","2026-05-01T06:00:36.000Z"]
 37 ["2026-06-01T06:00:36.000Z",0,"2026-06-01T06:00:36.000Z","2026-06-01T06:00:36.000Z"]
 38 ["2026-07-01T06:00:36.000Z",0,"2026-07-01T06:00:36.000Z","2026-07-01T06:00:36.000Z"]
 39 ["2026-08-01T06:00:36.000Z",0,"2026-08-01T06:00:36.000Z","2026-08-01T06:00:36.000Z"]
 40 ["2026-09-01T06:00:36.000Z",0,"2026-09-01T06:00:36.000Z","2026-09-01T06:00:36.000Z"]
 41 ["2026-10-01T06:00:36.000Z",0,"2026-10-01T06:00:36.000Z","2026-10-01T06:00:36.000Z"]
 42 ["2026-11-01T06:00:36.000Z",0,"2026-11-01T06:00:36.000Z","2026-11-01T06:00:36.000Z"]
 43 ["2026-12-01T06:00:36.000Z",0,"2026-12-01T06:00:36.000Z","2026-12-01T06:00:36.000Z"]
 44 ["2027-01-01T06:00:36.000Z",0,"2027-01-01T06:00:36.000Z","2027-01-01T06:00:36.000Z"]
 45 ["2027-02-01T06:00:36.000Z",0,"2027-02-01T06:00:36.000Z","2027-02-01T06:00:36.000Z"]
 46 ["2027-03-01T06:00:36.000Z",0,"2027-03-01T06:00:36.000Z","2027-03-01T06:00:36.000Z"]
 47 ["2027-04-01T06:00:36.000Z","2027-04-01T06:00:36.000Z","2027-04-01T06:00:36.000Z"]

========== OFICINAS ==========

--- Sheet: Lista ---
  2 ["Lista de Precios Pasaje Álamos - Oficinas","Descuento","Descuento","Descuento"]
  3 [0.159,0.001764474627028556,0.11712519683518285]
  4 ["Unidad","Unidad","Nivel","Status","Modelo","Vista 1","Vista 2","m2 internos","m2 externos","bodega","M2 totales","Cajones","Precio Lista","Contado","20-20-60","MSI"]
  5 ["oficina-1-1",101,1,"VENDIDO",87.7316,"Roncopollo","Centro",100.26,0,4.5687,100.26,3,8070303.374999998,6787125.138374998,8070303.374999998,7125067.503683483]
  6 ["oficina-1-2",102,1,"VENDIDO",62.9,"Roncopollo",62.9,0,4.5687,62.9,2,5071711.81773695,4265309.638716775,5071711.81773695,4477686.572793187]
  7 ["oficina-1-3",103,1,"VENDIDO",62.9,"Roncopollo",62.9,0,0,62.9,2,5072648.421950752,4266097.322860583,5072648.421950752,4478513.47705409]
  8 ["oficina-1-4",104,1,"VENDIDO",62.9,"Roncopollo",62.9,0,0,62.9,2,5072648.421950752,4266097.322860583,5072648.421950752,4478513.47705409]
  9 ["oficina-1-5",105,1,"VENDIDO",87.7275,"Álamos","Roncopollo",87.7275,0,4.5687,87.7275,3,7292517.484187833,6133007.204201967,7292517.484187833,6438379.938428321]
 10 ["oficina-1-6",106,1,127.0453,"Álamos","Álamos",127.0453,12.1352,8.5725,139.1805,4,10609995.610759377,8923006.308648637,10609995.610759377,9367297.786428759]
 11 ["oficina-1-7",107,1,85.8772,"Álamos",85.8772,11.2103,4.5687,97.0875,3,7280321.1206115475,6122750.062434312,7280321.1206115475,6427612.076336581]
 12 ["oficina-2-1",201,2,75.6953,"Roncopollo","Centro",75.6953,4.6341,4.5687,80.3294,3,6140611.376738297,5164254.167836907,6140611.376738297,5421391.06054946]
 13 ["oficina-2-2",202,2,70.0272,"Roncopollo",70.0272,0,4.5687,70.0272,2,5429962.9295161525,4566598.823723084,5429962.9295161525,4793977.452588827]
 14 ["oficina-2-3",203,2,69.228,"Roncopollo",69.228,0,4.5687,69.228,2,5466256.342800973,4597121.584295618,5466256.342800973,4826019.992698843]
 15 ["oficina-2-4",204,2,"VENDIDO",68.4288,"Roncopollo",68.4288,0,4.5687,68.4288,2,5379620.453024304,4524260.800993439,5379620.453024304,4749531.348565256]
 16 ["oficina-2-5",205,2,"VENDIDO",91.1892,"Álamos","Roncopollo",91.1892,8.2656,4.5687,99.4548,3,7696545.1269165985,6472794.451736859,7696545.1269165985,6795085.763975625]
 17 ["oficina-2-6",206,2,117.0644,"Álamos","Álamos",117.0644,7.4278,5.2913,124.49220000000001,4,9170526.00838724,7712412.373053668,9170526.00838724,8096426.344572721]
 18 ["oficina-2-7",207,2,84.705,"Álamos",84.705,1.1722,4.5687,85.8772,3,6365396.388050738,5353298.362350671,6365396.388050738,5619848.083166333]
 19 ["oficina-2-8",208,2,71.7713,"Álamos",69.4513,8.85,4.5687,78.3013,2,5808116.880838644,4884626.2967853,5808116.880838644,5127840.0479286695]
 20 ["oficina-2-9",209,2,"VENDIDO",66.7734,"Álamos","Centro",66.7734,62.8866,4.5687,129.66,2,6951944.776944138,5846585.55741002,6951944.776944138,6137696.876557235]
 21 ["oficina-2-10",210,2,"VENDIDO",44.3137,"Centro",44.3137,22.1,0,66.4137,1,4395951.877478924,3696995.528959775,4395951.877478924,3881075.148551213]
 22 ["oficina-3-1",301,3,70.6012,"Roncopollo","Centro",70.6012,9.7258,4.5687,80.327,2,5931046.183900136,4988009.840660014,5931046.183900136,5236371.232172272]
 23 ["oficina-3-2",302,3,62.9,"Roncopollo",62.9,7.1272,4.5687,70.0272,2,5408889.334705612,4548875.9304874195,5408889.334705612,4775372.1067184955]
 24 ["oficina-3-3",303,3,"VENDIDO",62.9,"Roncopollo",62.9,6.328,4.5687,69.228,2,5366742.145084528,4513430.144016088,5366742.145084528,4738161.414977832]
 25 ["oficina-3-4",304,3,62.9,"Roncopollo",62.9,5.5288,4.5687,68.4288,2,5323424.2001961935,4476999.752364999,5323424.2001961935,4699917.092911039]
 26 ["oficina-3-5",305,3,"VENDIDO",87.7275,"Álamos","Roncopollo",87.7275,5.1742,4.5687,92.9017,3,7436637.457586589,6254212.101830321,7436637.457586589,6565619.831574867]
 27 ["oficina-3-6",306,3,127.0453,"Álamos","Álamos",127.0453,4,5.463,131.0453,4,9645852.646891672,8112162.076035896,9645852.646891672,8516080.256981315]
 28 ["oficina-3-7",307,3,85.8772,"Álamos",85.8772,0,4.5687,85.8772,3,6440324.725154884,5416313.093855258,6440324.725154884,5686000.424038623]
 29 ["oficina-3-8",308,3,75.7712,"Álamos",73.4512,0,4.5687,73.4512,3,5853776.336261484,4923025.898795908,5853776.336261484,5168151.630647722]
 30 ["oficina-3-9",309,3,88.41,"Álamos","Centro",88.41,0,4.5687,88.41,3,6493008.7121812375,5460620.326944421,6493008.7121812375,5732513.788714453]
 31 ["oficina-3-10",310,3,"VENDIDO",50.9137,"Centro",50.9137,0,0,50.9137,2,4100921.550131345,3448875.0236604614,4100921.550131345,3620600.3063665684]
 32 ["oficina-4-1",401,4,"VENDIDO",75.6953,"Roncopollo","Centro",75.6953,4.6341,4.5687,80.3294,3,6247150.106058256,5253853.239194993,6247150.106058256,5515451.420227249]
 33 ["oficina-4-2",402,4,"VENDIDO",70.0272,"Roncopollo",70.0272,0,5.0525,70.0272,2,5509574.287689309,4633551.975946709,5509574.287689309,4864264.314765636]
 34 ["oficina-4-3",403,4,69.228,"Roncopollo",69.228,0,4.5687,69.228,2,5561087.51944841,4676874.603856113,5561087.51944841,4909744.049115336]
 35 ["oficina-4-4",404,4,68.4288,"Roncopollo",68.4288,0,4.5687,68.4288,2,5473280.874404488,4603029.2153741745,5473280.874404488,4832221.774655621]
 36 ["oficina-4-5",405,4,"VENDIDO",91.1892,"Álamos","Roncopollo",91.1892,8.2656,4.5687,99.4548,3,7824157.451047099,6580116.41633061,7824157.451047099,6907751.469523745]
 37 ["oficina-4-6",406,4,117.0644,"Álamos","Álamos",117.0644,7.4278,5.0525,124.49220000000001,4,9316870.416793779,7835488.020523568,9316870.416793779,8225630.1353389155]
 38 ["oficina-4-7",407,4,84.705,"Álamos",84.705,1.1722,4.5687,85.8772,3,6478959.64897421,5448805.064787311,6478959.64897421,5720110.224800899]
 39 ["oficina-4-8",408,4,71.7713,"Álamos",69.4513,8.85,4.5687,78.3013,2,5913484.8548913505,4973240.762963626,5913484.8548913505,5220866.777280329]
 40 ["oficina-4-9",409,4,"VENDIDO",66.7734,"Álamos","Centro",66.7734,21.6366,4.5687,88.41,2,5963827.331383199,5015578.785693271,5963827.331383199,5265312.881303899]
 41 ["oficina-4-10",410,4,"VENDIDO",44.3137,"Centro",44.3137,6.6,0,50.9137,1,3905405.420500212,3284445.9586406783,3905405.420500212,3447984.0419029347]
 42 ["oficina-5-1",501,5,"VENDIDO",70.6012,"Roncopollo","Centro",70.6012,9.7258,4.5687,80.327,2,6036414.157952842,5076624.30683834,6036414.157952842,5329397.9615239315]
 43 ["oficina-5-2",502,5,"VENDIDO",62.9,"Roncopollo",62.9,7.1272,4.5687,70.0272,2,5502549.756085794,4627644.344868153,5502549.756085794,4858062.532808858]
 44 ["oficina-5-3",503,5,"VENDIDO",62.9,"Roncopollo",62.9,6.328,4.5687,69.228,2,5459231.81119746,4591213.953217063,5459231.81119746,4819818.210742066]
 45 ["oficina-5-4",504,5,"VENDIDO",62.9,"Roncopollo",62.9,5.5288,4.5687,68.4288,2,5415913.866309125,4554783.561565974,5415913.866309125,4781573.888675272]
 46 ["oficina-5-5",505,5,"VENDIDO",87.7275,"Álamos","Roncopollo",87.7275,5.1742,4.5687,92.9017,3,7557225.250113576,6355626.4353455175,7557225.250113576,6672083.755166209]
 47 ["oficina-5-6",506,5,"VENDIDO",127.0453,"Álamos","Álamos",127.0453,4,5.3212,131.0453,4,9802733.85270348,8244099.1701236265,9802733.85270348,8654586.720682675]
 48 ["oficina-5-7",507,5,"VENDIDO",85.8772,"Álamos",85.8772,0,4.5687,85.8772,3,6553887.986078357,5511819.796291899,6553887.986078357,5786262.565673189]
 49 ["oficina-5-8",508,5,"VENDIDO",75.7712,"Álamos",73.4512,0,4.5687,73.4512,3,5955632.044512434,5008686.549434957,5955632.044512434,5258077.4690209925]
 50 ["oficina-5-9",509,5,"VENDIDO",88.41,"Álamos","Centro",88.41,0,4.5687,88.41,3,6610084.238906467,5559080.844920339,6610084.238906467,5835876.821327408]
 51 ["oficina-5-10",510,5,"VENDIDO",50.9137,"Centro",50.9137,0,0,50.9137,2,4172337.6214337354,3508935.9396257717,4172337.6214337354,3683651.7562604705]
 52 ["oficina-6-1",601,6,"VENDIDO",75.6953,"Roncopollo","Centro",75.6953,4.6341,4.5687,80.3294,3,6673305.023338092,5612249.524627335,6673305.023338092,5891692.858938403]
 53 ["oficina-6-2",602,6,"VENDIDO",70.0272,"Roncopollo",70.0272,0,4.5687,70.0272,2,5870166.910003016,4936810.371312536,5870166.910003016,5182622.455213536]
 54 ["oficina-6-3",603,6,"VENDIDO",69.228,"Roncopollo",69.228,0,4.5687,69.228,2,5941582.981305406,4996871.287277847,5941582.981305406,5245673.905107439]
 55 ["oficina-6-4",604,6,"VENDIDO",68.4288,"Roncopollo",68.4288,0,4.5687,68.4288,2,5849093.315192475,4919087.4780768715,5849093.315192475,5164017.109343205]
 56 ["oficina-6-5",605,6,"VENDIDO",91.1892,"Álamos",91.1892,8.2656,4.5687,99.4548,3,8332265.2370345965,7007435.064346096,8332265.2370345965,7356347.031063968]
 57 ["oficina-6-6",606,6,"VENDIDO",117.0644,"Álamos","Álamos",117.0644,7.4278,4.7175,124.49220000000001,4,9926833.911032226,8348467.319178103,9926833.911032226,8764151.535252409]
 58 ["oficina-6-7",607,6,"VENDIDO",84.705,"Álamos",84.705,1.1722,4.5687,85.8772,3,6932041.937400849,5829847.269354113,6932041.937400849,6120125.161013032]
 59 ["oficina-6-8",608,6,"VENDIDO",71.7713,"Álamos",69.4513,8.85,4.5687,78.3013,2,6336127.506369431,5328683.232856691,6336127.506369431,5594007.325013095]
 60 ["oficina-6-9",609,6,"VENDIDO",66.7734,"Álamos","Centro",66.7734,21.6366,4.5687,88.41,2,6399348.290801054,5381851.912563686,6399348.290801054,5649823.362624089]
 61 ["oficina-6-10",610,6,"VENDIDO",44.3137,"Centro",44.3137,6.6,0,50.9137,1,4186386.684640763,3520751.2017828813,4186386.684640763,3696055.320174025]

--- Sheet: Hoja3 ---
  1 ["2025-07-01T06:00:36.000Z"]
  2 ["2025-08-01T06:00:36.000Z"]
  3 ["2025-09-01T06:00:36.000Z"]
  4 ["2025-10-01T06:00:36.000Z"]
  5 ["2025-11-01T06:00:36.000Z"]
  6 ["2025-12-01T06:00:36.000Z"]
  7 ["2026-01-01T06:00:36.000Z"]
  8 ["2026-02-01T06:00:36.000Z"]
  9 ["2026-03-01T06:00:36.000Z"]
 10 ["2026-04-01T06:00:36.000Z"]
 11 ["2026-05-01T06:00:36.000Z"]
 12 ["2026-06-01T06:00:36.000Z"]
 13 ["2026-07-01T06:00:36.000Z"]
 14 ["2026-08-01T06:00:36.000Z"]
 15 ["2026-09-01T06:00:36.000Z"]
 16 ["2026-10-01T06:00:36.000Z"]
 17 ["2026-11-01T06:00:36.000Z"]
 18 ["2026-12-01T06:00:36.000Z"]
 19 ["2027-01-01T06:00:36.000Z"]
 20 ["2027-02-01T06:00:36.000Z"]
 21 ["2027-03-01T06:00:36.000Z"]
 22 ["2027-04-01T06:00:36.000Z"]
 23 ["2027-05-01T06:00:36.000Z"]
 24 ["2027-06-01T06:00:36.000Z"]
 25 ["2027-07-01T06:00:36.000Z"]
 26 ["2027-08-01T06:00:36.000Z"]
 27 ["2027-09-01T06:00:36.000Z"]
 28 ["2027-10-01T06:00:36.000Z"]
 29 ["2027-11-01T06:00:36.000Z"]
 30 ["2027-12-01T06:00:36.000Z"]
 31 ["2028-01-01T06:00:36.000Z"]
 32 ["2028-02-01T06:00:36.000Z"]
 33 ["2028-03-01T06:00:36.000Z"]
 34 ["2028-04-01T06:00:36.000Z"]
 35 ["2028-05-01T06:00:36.000Z"]
 36 ["2028-06-01T06:00:36.000Z"]
 37 ["2028-07-01T06:00:36.000Z"]
 38 ["2028-08-01T06:00:36.000Z"]
 39 ["2028-09-01T06:00:36.000Z"]
 40 ["2028-10-01T06:00:36.000Z"]
 41 ["2028-11-01T06:00:36.000Z"]
 42 ["2028-12-01T06:00:36.000Z"]

--- Sheet: Hoja2 ---

--- Sheet: Hoja1 ---
  1 ["2024-05-01T06:00:36.000Z",55]
  2 ["2024-06-01T06:00:36.000Z",54]
  3 ["2024-07-01T06:00:36.000Z",53]
  4 ["2024-08-01T06:00:36.000Z",52]
  5 ["2024-09-01T06:00:36.000Z",51]
  6 ["2024-10-01T06:00:36.000Z",50]
  7 ["2024-11-01T06:00:36.000Z",49]
  8 ["2024-12-01T06:00:36.000Z",48]
  9 ["2025-01-01T06:00:36.000Z",47]
 10 ["2025-02-01T06:00:36.000Z",46]
 11 ["2025-03-01T06:00:36.000Z",45]
 12 ["2025-04-01T06:00:36.000Z",44]
 13 ["2025-05-01T06:00:36.000Z",43]
 14 ["2025-06-01T06:00:36.000Z",42]
 15 ["2025-07-01T06:00:36.000Z",41]
 16 ["2025-08-01T06:00:36.000Z",40]
 17 ["2025-09-01T06:00:36.000Z",39]
 18 ["2025-10-01T06:00:36.000Z",38]
 19 ["2025-11-01T06:00:36.000Z",37]
 20 ["2025-12-01T06:00:36.000Z",36]
 21 ["2026-01-01T06:00:36.000Z",35]
 22 ["2026-02-01T06:00:36.000Z",34]
 23 ["2026-03-01T06:00:36.000Z",33]
 24 ["2026-04-01T06:00:36.000Z",32]
 25 ["2026-05-01T06:00:36.000Z",31]
 26 ["2026-06-01T06:00:36.000Z",30]
 27 ["2026-07-01T06:00:36.000Z",29]
 28 ["2026-08-01T06:00:36.000Z",28]
 29 ["2026-09-01T06:00:36.000Z",27]
 30 ["2026-10-01T06:00:36.000Z",26]
 31 ["2026-11-01T06:00:36.000Z",25]
 32 ["2026-12-01T06:00:36.000Z",24]
 33 ["2027-01-01T06:00:36.000Z",23]
 34 ["2027-02-01T06:00:36.000Z",22]
 35 ["2027-03-01T06:00:36.000Z",21]
 36 ["2027-04-01T06:00:36.000Z",20]
 37 ["2027-05-01T06:00:36.000Z",19]
 38 ["2027-06-01T06:00:36.000Z",18]
 39 ["2027-07-01T06:00:36.000Z",17]
 40 ["2027-08-01T06:00:36.000Z",16]
 41 ["2027-09-01T06:00:36.000Z",15]
 42 ["2027-10-01T06:00:36.000Z",14]
 43 ["2027-11-01T06:00:36.000Z",13]
 44 ["2027-12-01T06:00:36.000Z",12]
 45 ["2028-01-01T06:00:36.000Z",11]
 46 ["2028-02-01T06:00:36.000Z",10]
 47 ["2028-03-01T06:00:36.000Z",9]
 48 ["2028-04-01T06:00:36.000Z",8]
 49 ["2028-05-01T06:00:36.000Z",7]
 50 ["2028-06-01T06:00:36.000Z",6]
 51 ["2028-07-01T06:00:36.000Z",5]
 52 ["2028-08-01T06:00:36.000Z",4]
 53 ["2028-09-01T06:00:36.000Z",3]
 54 ["2028-10-01T06:00:36.000Z",2]
 55 ["2028-11-01T06:00:36.000Z",1]
 56 ["2028-12-01T06:00:36.000Z",0]

========== TARJETAS PDF ==========
PDF parse error: TypeError: pdf is not a function